TWSknop;6;8;10;12;14;16;18;20
TWA;44,2Ḟ;43,4Ḟ;41,5Ḟ;39,6Ḟ;38,4Ḟ;37,6Ḟ;37,3Ḟ;37,1Ḟ
WMG;3,03;3,71;4,13;4,36;4,52;4,63;4,68;4,73
50Ḟ;4,85;5,75;6,2;6,45;6,6;6,7;6,74;6,77
55Ḟ;5,05;5,95;6,35;6,6;6,75;6,83;6,87;6,9
60Ḟ;5,2;6,05;6,5;6,75;6,9;6,97;7,02;7,05
65Ḟ;5,3;6,15;6,58;6,85;7,08;7,14;7,18;7,2
70Ḟ;5,4;6,23;6,64;6,93;7,15;7,23;7,27;7,3
75Ḟ;5,5;6,3;6,7;7;7,2;7,3;7,36;7,4
80Ḟ;5,55;6,35;6,76;7,08;7,25;7,37;7,46;7,53
85Ḟ;5,58;6,38;6,83;7,13;7,3;7,44;7,58;7,65
90Ḟ;5,6;6,4;6,9;7,17;7,35;7,5;7,66;7,75
95Ḟ;5,58;6,38;6,88;7,19;7,37;7,55;7,72;7,85
100Ḟ;5,53;6,33;6,83;7,16;7,4;7,6;7,8;7,95
105Ḟ;5,45;6,29;6,79;7,13;7,43;7,65;7,88;8,07
110Ḟ;5,35;6,25;6,75;7,1;7,4;7,7;7,93;8,1
115Ḟ;5,2;6,1;6,67;7,05;7,35;7,7;7,98;8,15
120Ḟ;5;6;6,6;7;7,3;7,65;8,04;8,2
125Ḟ;4,8;5,85;6,5;6,9;7,23;7,55;7,97;8,2
130Ḟ;4,65;5,65;6,35;6,8;7,16;7,45;7,85;8,1
135Ḟ;4,35;5,45;6,2;6,7;7,05;7,35;7,75;8
140Ḟ;4,1;5,2;6;6,55;6,9;7,25;7,6;7,9
145Ḟ;3,85;4,9;5,8;6,35;6,8;7,15;7,45;7,78
150Ḟ;3,65;4,65;5,6;6,2;6,7;7,05;7,35;7,65